Z:
422901
903157
544249
741363
999200
691542
552698
703844
213938
361382
321501
248480
496641
546882
738816
779942
962937
367304
154698
763213

S:
447202
540066
798432
811284
372707
443510
569651
623846
435441
249634
637447
889022
920159
406628
815424
203032
598342
208975
836568
965514

T:
353206
215393
947521
506791
545732
936935
894529
123034
970507
584954
729314
838113
245463
677265
123125
321022
538191
839727
314587
351095

L:
906058
423589
972761
110167
374231
160160
618017
238093
500028
387441
281495
574946
112668
913576
257009
856091
824371
592516
304254
435391

J:
802102
291859
471476
898562
817229
201895
233294
123422
651855
149967
385574
897092
826521
747710
921641
636851
725930
884019
771117
889581

O:
368654
243384
348601
423128
453827
464680
841105
824065
320833
474521
519068
770430
691221
311982
651208
714177
971003
194679
270622
738015

l:
403081
187123
715168
256249
967119
668294
340707
965033
685817
414204
464037
255529
638465
985210
402909
548997
465290
799749
279756
994313